NAME	= file3b04be325a1
DESCRIPTION	= 
UNIT	= 
DATAFORMAT	= FLOAT
DATAFILE_OFFSET	= 0
BYTEORDER_BIG	= FALSE
TOPTOBOTTOM	= FALSE
POSITION_XMIN	= 711967.7269350000
POSITION_YMIN	= 9556866.7599560004
CELLCOUNT_X	= 383
CELLCOUNT_Y	= 415
CELLSIZE	= 10.0000000000
Z_FACTOR	= 1.000000
Z_OFFSET	= 0.000000
NODATA_VALUE	= -9999.000000
